Gene	Average log2 MII24h/MI12h	Average log2 MII48h/MI12h	Average log2 MII72h/MI12h
SCO4440	1,59	4,639	4,865
SCO0682	4,277	4,539	4,739
SCO1756	1,777	3,927	4,67
SCO2492	2,53	4,822	4,531
SCO0930	0,891	4,444	4,319
SCO0683	3,809	4,383	4,229
SCO6165	-1,183	-0,909	4,205
SCO3328	2,098	3,667	4,175
SCO4677	4,252	4,406	4,14
SCO6652	0,782	4,311	4,113
SCO7251	4,079	4,435	4,076
SCO1474	2,791	3,394	3,969
SCO4793	1,741	3,797	3,947
SCO1029	2,011	3,765	3,933
SCO2819	2,175	3,675	3,881
SCO0644	0,559	4,029	3,864
SCO4335	2,127	3,289	3,585
SCO5175	2,411	3,822	3,546
SCO5174	2,227	3,54	3,506
SCO3324	2,74	3,109	3,481
SCO2805	0,833	3,553	3,443
SCO7453	1,507	1,703	3,411
SCO5191	-1,97	2,061	3,316
SCO5351	0,826	2,788	3,305
SCO0684	2,714	3,426	3,292
SCO3134	0,916	2,997	3,213
SCO7253	1,216	3,104	3,174
SCO5834	1,461	3,106	3,173
SCO2302	2,614	3,114	3,168
SCO4173	2,497	2,803	3,157
SCO5177	2,595	3,342	3,038
SCO0944	1,019	3,184	3,02
SCO1860	2,73	3,369	3,003
SCO1835	1,768	2,286	2,966
SCO1375	1,909	2,416	2,873
SCO1432	1,145	2,362	2,866
SCO1629	3,453	3,105	2,84
SCO4920	1,819	2,694	2,812
SCO0932	1,828	3,528	2,784
SCO1673	0,847	1,419	2,511
SCO5864	1,732	1,512	2,497
SCO5827	1,908	2,717	2,489
SCO4411	1,117	2,659	2,483
SCO3195	1,593	2,301	2,475
SCO6795	2,449	3,433	2,469
SCO5176	2,167	2,869	2,458
SCO5249	2,925	3,171	2,443
SCO1174	2,382	2,54	2,398
SCO2404	0,855	2,426	2,339
SCO4883	2,038	2,234	2,303
SCO5511	1,073	2,317	2,298
SCO5390	1,508	1,922	2,277
SCO6797	2,213	3,039	2,172
SCO6079	1,083	1,901	2,131
SCO2035	2,161	2,392	2,119
SCO5444	1,875	1,864	2,116
SCO5391	1,164	1,839	2,113
SCO1838	0,962	2,075	2,079
SCO6211	0,927	2,267	2,078
SCO1823	1,162	3,924	2,075
SCO5029	2,377	2,445	2,027
SCO5100	1,192	2,421	2,018
SCO5442	1,925	2,342	2,014
SCO4239	2,03	2,301	2,007
SCO2908	1,21	2,114	1,955
SCO6209	0,916	2,186	1,946
SCO2008	2,764	2,646	1,874
SCO4581	0,637	2,141	1,858
SCO1480	2,027	1,792	1,763
SCO5398	1,778	2,138	1,722
SCO1822	0,906	2,529	1,629
SCO2927	-0,643	2,247	1,547
SCO2067	2,054	1,123	1,423
SCO6796	1,317	2,386	1,413
SCO7471	3,44	1,181	1,336
SCO3662	2,228	1,696	1,254
SCO5447	0,415	3,094	1,22
SCO7575	0,618	2,047	1,198
SCO2010	2,449	2,171	1,145
SCO2240	2,062	1,49	1,083
SCO5230	1,065	2,004	1,08
SCO6766	2,531	1,089	0,908
SCO1105	3,24	1,78	0,864
SCO7472	3,223	0,78	0,69
SCO3956	-2,73	-1,109	-0,728
SCO6694	-2,081	-1,747	-0,891
SCO4804	-2,222	-1,384	-1,082
SCO4801	-2,047	-1,362	-1,121
SCO3000	-2,55	-1,924	-1,228
SCO2352	-2,556	-1,332	-1,24
SCO1046	-2,342	-2,004	-1,436
SCO1293	2,265	-1,344	-1,498
SCO6262	-2,226	-2,02	-1,561
SCO3351	-2,419	-1,906	-1,571
SCO1966	-2,777	-2,385	-1,869
SCO2730	-3,049	-2,42	-1,874
SCO6086	-2,412	-1,61	-1,902
SCO6341	-2,039	-2,08	-1,917
SCO2205	-3,472	-3,566	-1,928
SCO6101	-1,465	-1,85	-2,014
SCO2848	-1,929	-2,293	-2,036
SCO2950	-1,201	-1,655	-2,049
SCO4852	-1,949	-2,248	-2,058
SCO3793	-1,077	-2,264	-2,087
SCO2911	-2,052	-2,587	-2,134
SCO7016	-0,986	-1,723	-2,142
SCO4005	-2,702	-2,484	-2,142
SCO5494	-3,36	-2,551	-2,159
SCO1557	-1,459	-2,261	-2,307
SCO3166	-2,722	-2,431	-2,307
SCO4641	-2,271	-2,271	-2,483
SCO4020	-1,47	-2,432	-2,486
SCO4248	0,783	-2,491	-2,51
SCO4336	-2,125	-3,294	-2,61
SCO4031	-2,473	-2,977	-2,928
SCO1558	-2,275	-2,844	-2,962
SCO5656	-4,142	-4,338	-3,806
SCO4640	-4,519	-4,525	-4,257
SCO5655	-3,986	-4,396	-4,266
SCO7014	-2,554	-2,968	-4,49
SCO4032	-4,336	-5,078	-5,436
SCO5484	-4,661	-5,234	-5,586
SCO5632	3,193	7,119	7,58
SCO2718	1,134	7,012	7,403
SCO4174	6,091	6,228	6,938
SCO0955	4,117	5,94	6,212
SCO6164	-2,106	-0,988	6,119
SCO6650	1,506	5,87	5,855
SCO6992	1,53	4,666	5,824
SCO2717	3,656	5,472	5,578
SCO3290	1,686	5,711	5,375
SCO1800	5,699	5,349	5,336
SCO3288	1,75	5,656	5,235
SCO5521	2,196	5,418	5,189
SCO2217	0,923	5,051	5,064
SCO3289	1,665	5,199	4,954
SCO4440	1,59	4,639	4,865
SCO4442	4,538	5,328	4,795
SCO1675	5,391	5,192	4,753
SCO0682	4,277	4,539	4,739
SCO1756	1,777	3,927	4,67
SCO6682	3,672	5,285	4,585
SCO2492	2,53	4,822	4,531
SCO5826	3,858	4,662	4,435
SCO6440	1,514	4,049	4,422
SCO1839	2,656	3,825	4,405
SCO1674	3,169	4,386	4,342
SCO6441	1,123	4,076	4,325
SCO0930	0,891	4,444	4,319
SCO4175	3,273	3,742	4,28
SCO3323	4,638	4,282	4,255
SCO0683	3,809	4,383	4,229
SCO7647	2,369	4,15	4,214
SCO6165	-1,183	-0,909	4,205
SCO3328	2,098	3,667	4,175
SCO4677	4,252	4,406	4,14
SCO6652	0,782	4,311	4,113
SCO7251	4,079	4,435	4,076
SCO7434	1,73	1,901	4,066
SCO1474	2,791	3,394	3,969
SCO4793	1,741	3,797	3,947
SCO5316	0,77	1,014	3,942
SCO1029	2,011	3,765	3,933
SCO2819	2,175	3,675	3,881
SCO2954	0,806	3,786	3,871
SCO0644	0,559	4,029	3,864
SCO0383	2,862	3,97	3,855
SCO2976	1,164	3,921	3,841
SCO3487	0,979	4,509	3,836
SCO6655	0,99	4,047	3,826
SCO1630	4,315	3,908	3,748
SCO4335	2,127	3,289	3,585
SCO0381	2,378	3,499	3,582
SCO5175	2,411	3,822	3,546
SCO3579	2,945	3,444	3,526
SCO0393	2,454	3,551	3,51
SCO5174	2,227	3,54	3,506
SCO6543	0,56	2,815	3,5
SCO3324	2,74	3,109	3,481
SCO4768	2,761	2,97	3,479
SCO1627	4,226	3,732	3,45
SCO7336	0,59	1,308	3,445
SCO2805	0,833	3,553	3,443
SCO3113	1,397	3,299	3,44
SCO7701	1,32	3,545	3,439
SCO3108	0,719	0,667	3,425
SCO7453	1,507	1,703	3,411
SCO0396	2,724	3,669	3,392
SCO5191	-1,97	2,061	3,316
SCO0399	2,753	3,647	3,307
SCO5351	0,826	2,788	3,305
SCO0684	2,714	3,426	3,292
SCO7699	1,383	3,7	3,291
SCO0395	2,673	3,45	3,24
SCO3134	0,916	2,997	3,213
SCO0394	2,365	3,267	3,196
SCO7252	3,576	3,634	3,192
SCO5190	-1,714	2,032	3,176
SCO7253	1,216	3,104	3,174
SCO5834	1,461	3,106	3,173
SCO2302	2,614	3,114	3,168
SCO4173	2,497	2,803	3,157
SCO3714	1,687	3,474	3,149
SCO4412	0,768	2,627	3,135
SCO5582	2,437	3,222	3,122
SCO0585	2,754	3,467	3,119
SCO0382	1,928	3,073	3,1
SCO6442	0,618	3,215	3,098
SCO5177	2,595	3,342	3,038
SCO0944	1,019	3,184	3,02
SCO5995	2,363	3,073	3,018
SCO1860	2,73	3,369	3,003
SCO3327	0,968	2,192	3,002
SCO0141	1,743	3,301	2,995
SCO0867	2,706	3,422	2,989
SCO0400	2,353	3,28	2,988
SCO2525	2,241	3,221	2,984
SCO4176	1,342	2,399	2,971
SCO1835	1,768	2,286	2,966
SCO0954	1,507	3,247	2,944
SCO0387	2,048	3,08	2,934
SCO5466	1,231	2,699	2,917
SCO1427	1,4	2,951	2,915
SCO1563	1,62	2,876	2,909
SCO4080	1,936	3,024	2,895
SCO4979	1,357	3,666	2,878
SCO1375	1,909	2,416	2,873
SCO0392	2,007	2,881	2,871
SCO1432	1,145	2,362	2,866
SCO2953	0,504	2,826	2,865
SCO7342	2,006	3,419	2,856
SCO4772	1,746	2,815	2,851
SCO1629	3,453	3,105	2,84
SCO5415	1,833	3,323	2,82
SCO2529	0,963	2,986	2,815
SCO4920	1,819	2,694	2,812
SCO0932	1,828	3,528	2,784
SCO2250	1,855	2,459	2,77
SCO2572	1,765	2,773	2,769
SCO2560	0,853	2,506	2,763
SCO1628	3,332	2,989	2,747
SCO1189	1,9	2,477	2,716
SCO5218	1,726	2,773	2,694
SCO0591	0,717	1,244	2,689
SCO0389	1,448	2,838	2,688
SCO0409	0,971	1,515	2,676
SCO0385	1,813	2,859	2,674
SCO5319	1,747	0,938	2,667
SCO5085	1,371	2,049	2,644
SCO0384	1,858	2,834	2,616
SCO2573	1,329	2,653	2,586
SCO1172	1,206	2,865	2,576
SCO7452	0,884	1,278	2,575
SCO0038	1,055	2,008	2,549
SCO4675	2,978	2,897	2,542
SCO0685	1,763	2,402	2,539
SCO5125	1,605	2,123	2,528
SCO2251	1,613	2,361	2,526
SCO1673	0,847	1,419	2,511
SCO5276	1,265	2,501	2,503
SCO2311	1,325	1,348	2,503
SCO5864	1,732	1,512	2,497
SCO5827	1,908	2,717	2,489
SCO0390	1,4	2,77	2,488
SCO4411	1,117	2,659	2,483
SCO3195	1,593	2,301	2,475
SCO6795	2,449	3,433	2,469
SCO4187	-0,869	1,482	2,465
SCO5176	2,167	2,869	2,458
SCO5249	2,925	3,171	2,443
SCO1174	2,382	2,54	2,398
SCO5219	1,352	2,528	2,387
SCO1626	3,092	2,72	2,386
SCO0391	1,234	2,606	2,357
SCO6424	-0,417	0,685	2,345
SCO2823	3,141	2,471	2,343
SCO2404	0,855	2,426	2,339
SCO2703	0,921	2,387	2,338
SCO5605	2,966	2,324	2,321
SCO4883	2,038	2,234	2,303
SCO2236	1,225	1,455	2,299
SCO5511	1,073	2,317	2,298
SCO4348	2,927	3,269	2,291
SCO5803	2,134	2,052	2,278
SCO5390	1,508	1,922	2,277
SCO1451	0,588	1,969	2,276
SCO0931	1,622	2,932	2,274
SCO6932	2,359	2,013	2,235
SCO0401	1,526	2,389	2,215
SCO7771	1,406	1,884	2,211
SCO1030	1,146	1,978	2,206
SCO0398	1,824	2,655	2,194
SCO6324	1,481	1,655	2,193
SCO0386	1,234	2,335	2,184
SCO4545	0,911	2,176	2,174
SCO6797	2,213	3,039	2,172
SCO4301	0,999	1,69	2,169
SCO0974	1,542	2,908	2,148
SCO6079	1,083	1,901	2,131
SCO0588	1,572	2,279	2,126
SCO2035	2,161	2,392	2,119
SCO5444	1,875	1,864	2,116
SCO4800	1,057	2,159	2,113
SCO5391	1,164	1,839	2,113
SCO5460	0,872	2,014	2,106
SCO5012	1,361	2,933	2,097
SCO5581	1,434	1,813	2,097
SCO5420	0,572	2,286	2,094
SCO1838	0,962	2,075	2,079
SCO6211	0,927	2,267	2,078
SCO1823	1,162	3,924	2,075
SCO7700	0,477	2,226	2,072
SCO1173	0,387	1,828	2,049
SCO5013	1,585	2,858	2,03
SCO2246	0,843	2,447	2,03
SCO5029	2,377	2,445	2,027
SCO2237	1,135	1,405	2,027
SCO3365	0,626	1,541	2,025
SCO5100	1,192	2,421	2,018
SCO5442	1,925	2,342	2,014
SCO4574	-0,843	1,868	2,011
SCO4349	2,171	2,848	2,008
SCO4239	2,03	2,301	2,007
SCO5785	-0,414	0,709	2,001
SCO7334	0,936	1,416	1,989
SCO1943	1,14	1,415	1,989
SCO5240	2,229	1,434	1,982
SCO4575	-0,364	1,765	1,979
SCO2407	0,739	2,021	1,971
SCO6979	0,725	1,498	1,97
SCO0243	1,27	1,579	1,969
SCO2520	1,723	2,499	1,967
SCO6323	2,074	2,754	1,961
SCO2908	1,21	2,114	1,955
SCO5244	1,014	1,618	1,951
SCO6209	0,916	2,186	1,946
SCO5561	1,101	1,998	1,946
SCO4565	-0,511	1,666	1,922
SCO5790	0,722	0,976	1,922
SCO6708	1,424	2,292	1,92
SCO4562	-1,149	1,352	1,918
SCO3350	1,678	2,231	1,913
SCO7551	1,201	1,935	1,907
SCO4039	0,855	1,342	1,895
SCO2079	1,367	1,494	1,89
SCO0943	1,482	1,904	1,885
SCO5758	0,485	1,232	1,877
SCO2008	2,764	2,646	1,874
SCO7335	0,57	1,014	1,868
SCO4769	0,975	1,543	1,866
SCO2522	1,007	2,369	1,861
SCO4581	0,637	2,141	1,858
SCO4108	0,949	2,234	1,855
SCO6931	1,93	1,675	1,855
SCO4564	-0,687	1,534	1,854
SCO0584	1,567	2,238	1,844
SCO1241	1,138	1,449	1,843
SCO6794	1,507	2,573	1,838
SCO1470	1,884	1,89	1,832
SCO0586	1,477	2,127	1,83
SCO4237	1,155	1,933	1,818
SCO5819	1,265	1,962	1,815
SCO1195	0,53	1,918	1,807
SCO6206	1,53	1,763	1,805
SCO0736	1,811	1,259	1,8
SCO0242	1,183	1,436	1,798
SCO4748	1,21	1,413	1,798
SCO0411	1,229	1,325	1,796
SCO5799	0,443	1,293	1,793
SCO6286	1,569	1,033	1,786
SCO2391	1,133	1,457	1,781
SCO6566	0,547	0,852	1,78
SCO6906	1,393	1,379	1,778
SCO5250	1,358	2,009	1,773
SCO1757	0,664	1,581	1,771
SCO4861	0,917	1,392	1,77
SCO5575	1,24	1,718	1,769
SCO6384	0,723	1,188	1,768
SCO1480	2,027	1,792	1,763
SCO3291	0,859	1,75	1,758
SCO4184	1,115	1,336	1,748
SCO6394	0,891	1,894	1,747
SCO0988	1,423	2,112	1,741
SCO4350	1,789	2,252	1,739
SCO1048	1,044	2,068	1,738
SCO5398	1,778	2,138	1,722
SCO0397	1,25	2,071	1,716
SCO2822	2,194	1,73	1,713
SCO5396	1,617	1,743	1,702
SCO5898	1,586	2,108	1,7
SCO5784	-0,811	0,824	1,696
SCO6951	1,393	1,625	1,692
SCO7665	1,306	0,922	1,692
SCO0704	1,093	1,557	1,689
SCO3023	1,304	1,951	1,671
SCO1240	1,311	0,914	1,662
SCO0705	1,33	1,419	1,658
SCO1426	1,763	1,897	1,654
SCO5820	1,344	1,726	1,652
SCO6393	1,112	1,872	1,646
SCO7590	0,624	0,584	1,646
SCO6205	1,396	1,682	1,644
SCO1590	0,876	1,576	1,638
SCO6547	2,117	2,192	1,637
SCO1822	0,906	2,529	1,629
SCO5522	0,743	2,16	1,629
SCO2009	2,622	2,528	1,628
SCO3814	2,214	2,854	1,616
SCO4676	1,73	1,952	1,614
SCO6236	0,796	1,571	1,612
SCO6157	0,741	1,631	1,609
SCO1155	1,07	1,961	1,607
SCO5243	0,792	1,601	1,605
SCO6201	1,499	1,544	1,603
SCO6950	0,998	1,446	1,594
SCO3990	1,21	1,063	1,594
SCO0043	0,723	0,903	1,593
SCO6484	1,135	1,7	1,592
SCO5137	1,287	1,611	1,588
SCO4790	0,219	0,554	1,587
SCO5446	0,708	2,212	1,584
SCO2263	0,883	1,637	1,579
SCO5865	0,897	1,026	1,578
SCO1262	1,136	1,112	1,573
SCO5749	1,245	1,297	1,568
SCO5386	0,741	1,257	1,567
SCO2370	1,446	1,61	1,563
SCO4038	0,493	1,088	1,553
SCO2927	-0,643	2,247	1,547
SCO0268	2,739	2,181	1,544
SCO5539	0,899	1,218	1,544
SCO5640	1,378	1,036	1,544
SCO2584	0,683	1,427	1,535
SCO2252	1,078	1,687	1,534
SCO7658	2,759	1,379	1,527
SCO5015	1,393	2,879	1,523
SCO4799	-1,493	0,679	1,517
SCO5996	1,015	1,83	1,513
SCO1163	0,805	1,171	1,511
SCO6469	1,174	1,641	1,505
SCO2919	1,941	1,664	1,499
SCO1571	1,271	1,952	1,494
SCO0388	0,793	1,733	1,492
SCO7269	1,912	1,48	1,492
SCO5538	0,764	1,149	1,492
SCO0703	1,782	1,825	1,488
SCO7740	1,038	1,303	1,483
SCO6417	1,186	1,602	1,471
SCO2494	0,78	1,866	1,467
SCO2521	1,34	1,98	1,463
SCO6171	-0,421	1,739	1,444
SCO5693	0,794	1,38	1,438
SCO7074	1,388	1,264	1,438
SCO6980	0,677	1,263	1,436
SCO4131	1,177	1,192	1,427
SCO1321	-0,619	0,897	1,425
SCO2067	2,054	1,123	1,423
SCO0764	1,221	1,815	1,422
SCO6128	1,059	1,395	1,418
SCO5014	0,992	2,037	1,415
SCO6796	1,317	2,386	1,413
SCO4441	1,049	1,316	1,408
SCO1376	0,457	1,308	1,405
SCO7765	0,798	1,127	1,405
SCO5537	1,024	1,078	1,399
SCO2512	0,818	0,617	1,399
SCO3786	-1,236	-0,419	1,397
SCO6195	1,356	1,274	1,395
SCO5545	1,895	1,255	1,395
SCO4091	1,025	0,887	1,392
SCO3663	1,637	1,394	1,391
SCO2102	0,525	1,473	1,39
SCO7246	0,59	1,442	1,389
SCO6196	1,191	1,309	1,386
SCO2705	0,757	1,574	1,385
SCO0412	1,182	1,213	1,382
SCO4088	0,741	1,13	1,373
SCO2114	0,911	0,487	1,371
SCO2978	0,424	1,799	1,362
SCO5209	0,655	1,343	1,361
SCO7657	3,058	1,371	1,357
SCO4679	1,424	1,345	1,352
SCO7127	0,577	0,501	1,351
SCO6637	1,562	1,733	1,35
SCO2265	0,806	1,062	1,349
SCO0587	1,164	1,497	1,347
SCO4682	0,884	0,85	1,346
SCO6204	1,436	1,505	1,338
SCO7471	3,44	1,181	1,336
SCO37154	1,181	1,378	1,333
SCO7227	-1,021	0,876	1,331
SCO6390	1,45	0,751	1,331
SCO3799	0,932	1,41	1,329
SCO1993	1,948	1,027	1,321
SCO2312	0,708	0,805	1,321
SCO4034	0,791	1,465	1,314
SCO2220	0,642	1,356	1,311
SCO4632	0,726	1,564	1,3
SCO5385	0,82	1,625	1,293
SCO6033	1,5	0,993	1,292
SCO7338	0,222	0,805	1,283
SCO5077	1,124	1,315	1,279
SCO2589	0,808	1,284	1,277
SCO2867	2,02	1,434	1,276
SCO1100	0,539	1,515	1,274
SCO5629	0,723	1,522	1,272
SCO4678	0,792	0,981	1,272
SCO2921	1,307	1,278	1,263
SCO4347	1,904	2,063	1,258
SCO1192	1,692	1,385	1,255
SCO3662	2,228	1,696	1,254
SCO1479	1,496	1,198	1,254
SCO1646	0,57	0,998	1,254
SCO6155	0,86	0,959	1,252
SCO2461	1,124	0,93	1,247
SCO6949	1,233	0,78	1,246
SCO3620	1,006	1,304	1,245
SCO6416	1,482	1,295	1,236
SCO0560	2,015	1,234	1,235
SCO2290	0,39	1,087	1,234
SCO2963	1,028	1,401	1,232
SCO5801	0,852	1,76	1,229
SCO7263	0,517	1,618	1,229
SCO4571	-2,028	0,686	1,223
SCO4902	0,865	1,679	1,221
SCO5447	0,415	3,094	1,22
SCO0561	2,347	1,484	1,213
SCO3543	0,337	0,955	1,21
SCO2253	0,988	1,426	1,207
SCO6414	0,808	1,092	1,207
SCO4978	0,979	1,508	1,202
SCO7575	0,618	2,047	1,198
SCO6208	1,137	1,12	1,194
SCO2526	0,962	1,739	1,191
SCO1529	0,598	0,821	1,191
SCO5710	0,575	1,207	1,187
SCO0305	0,804	1,613	1,185
SCO2531	0,584	1,459	1,185
SCO0733	0,785	0,981	1,184
SCO6476	0,451	1,16	1,183
SCO1600	0,711	0,982	1,181
SCO4241	0,382	1,247	1,178
SCO2078	1,283	1,128	1,177
SCO1836	0,483	0,676	1,175
SCO2586	0,272	1,515	1,173
SCO2235	0,61	0,895	1,172
SCO6914	1,385	1,284	1,167
SCO0379	2,503	0,753	1,165
SCO2962	0,917	1,397	1,158
SCO1636	0,588	1,223	1,157
SCO4701	1,348	1	1,156
SCO2010	2,449	2,171	1,145
SCO6717	0,957	1,529	1,145
SCO6631	1,76	1,445	1,14
SCO7633	0,724	0,984	1,14
SCO1656	0,283	0,81	1,139
SCO5540	0,804	1,039	1,137
SCO6762	0,934	1,102	1,133
SCO4798	1,425	1,598	1,131
SCO6415	0,633	0,936	1,13
SCO6638	1,448	1,361	1,126
SCO5047	0,331	1,332	1,123
SCO1422	0,643	0,841	1,12
SCO3800	-1,867	1,373	1,119
SCO5862	1,008	0,706	1,113
SCO6709	0,358	0,986	1,112
SCO2006	0,397	1,093	1,11
SCO7329	0,503	1,101	1,109
SCO7108	0,629	0,53	1,106
SCO4884	1,191	1,14	1,095
SCO1082	0,691	1,667	1,093
SCO2765	0,81	1,186	1,092
SCO6092	0,983	1,051	1,091
SCO1085	0,779	1,277	1,089
SCO6409	0,675	0,316	1,087
SCO2240	2,062	1,49	1,083
SCO0378	1,058	0,582	1,083
SCO4872	0,455	0,684	1,081
SCO5230	1,065	2,004	1,08
SCO0702	1,621	1,547	1,078
SCO5147	0,502	1,056	1,07
SCO3128	0,79	1,417	1,067
SCO4854	0,891	1,176	1,066
SCO2838	0,729	0,982	1,06
SCO5016	0,524	1,629	1,059
SCO0374	0,679	1,424	1,055
SCO7095	0,513	0,709	1,054
SCO5270	0,486	1,348	1,053
SCO3055	0,612	1,098	1,051
SCO0119	0,7	0,944	1,046
SCO3848	0,693	1,077	1,045
SCO0686	0,521	0,854	1,045
SCO0359	0,564	1,073	1,042
SCO6961	0,67	1,038	1,042
SCO1230	1,708	1,424	1,041
SCO0883	0,466	0,76	1,039
SCO1948	0,459	1,82	1,037
SCO5570	1,03	0,877	1,037
SCO6411	1,293	1,272	1,036
SCO2885	0,988	1,159	1,036
SCO1550	-0,857	-0,469	1,036
SCO5022	1,186	1,425	1,035
SCO3537	0,723	0,782	1,032
SCO2868	1,88	1,179	1,03
SCO6395	0,571	1,014	1,029
SCO4910	0,57	0,753	1,029
SCO7497	0,496	1,258	1,028
SCO2068	1,127	1,967	1,025
SCO5723	0,823	0,865	1,019
SCO5590	0,725	0,487	1,019
SCO6681	0,814	2,363	1,017
SCO5598	0,683	0,655	1,017
SCO4453	0,316	0,731	1,015
SCO6973	0,492	0,898	1,012
SCO6151	0,662	0,781	1,01
SCO7600	-0,834	0,55	1,01
SCO6044	0,743	1,003	1,009
SCO6724	0,572	0,639	1,006
SCO4516	1,412	1,071	1,005
SCO5863	0,581	0,519	1,005
SCO1469	0,625	1,123	1,004
SCO6005	1,853	1,201	1,001
SCO0603	0,454	0,875	0,998
SCO1164	0,59	0,938	0,995
SCO4823	0,719	1,005	0,99
SCO0503	0,681	1,151	0,989
SCO0135	0,703	0,485	0,988
SCO4238	1,196	1,249	0,985
SCO2256	-0,455	1,554	0,978
SCO2517	0,581	0,638	0,972
SCO5627	1,148	0,918	0,97
SCO3371	0,82	1,712	0,969
SCO7192	1,117	0,675	0,969
SCO0572	0,993	1,818	0,967
SCO7715	0,92	1,047	0,964
SCO4992	1,138	0,998	0,96
SCO6462	0,513	0,758	0,96
SCO2192	0,801	1,088	0,957
SCO1599	0,686	0,803	0,955
SCO4563	-0,935	0,793	0,952
SCO7580	0,905	1,051	0,951
SCO6683	0,885	2,055	0,947
SCO1772	0,879	0,879	0,947
SCO1657	0,415	1,341	0,945
SCO2371	1,521	0,711	0,944
SCO1101	0,867	1,267	0,943
SCO6628	1,145	1,064	0,943
SCO4573	-0,937	0,853	0,939
SCO4792	0,291	1,078	0,938
SCO6962	0,596	0,868	0,938
SCO4796	0,569	1,182	0,936
SCO1637	0,478	1,245	0,932
SCO4572	-2,139	0,885	0,927
SCO2611	0,625	0,334	0,926
SCO1078	0,87	1,083	0,921
SCO5112	1,434	1,363	0,92
SCO2880	2,325	1,497	0,913
SCO6410	0,877	0,677	0,91
SCO5421	1,032	1,53	0,909
SCO6630	1,291	1,013	0,909
SCO6766	2,531	1,089	0,908
SCO0485	0,514	0,628	0,903
SCO2654	0,505	1,103	0,902
SCO2655	1,02	1,098	0,902
SCO5513	0,759	1,181	0,901
SCO0599	0,592	0,658	0,899
SCO6007	1,692	0,998	0,891
SCO5148	0,709	0,775	0,89
SCO2597	0,809	0,752	0,887
SCO0866	1,124	1,665	0,886
SCO0677	0,712	1,514	0,878
SCO2801	0,974	1,29	0,876
SCO1998	0,732	0,837	0,874
SCO2961	0,787	1,065	0,873
SCO2077	0,764	0,793	0,873
SCO1721	0,952	0,775	0,873
SCO6763	1,012	0,998	0,869
SCO2330	0,422	0,924	0,869
SCO3618	0,466	0,479	0,869
SCO2124	0,698	0,562	0,865
SCO1105	3,24	1,78	0,864
SCO5408	0,986	0,921	0,862
SCO3971	0,414	1,089	0,861
SCO4859	1,219	1,216	0,859
SCO3780	0,462	1,008	0,859
SCO5664	0,914	0,804	0,853
SCO7444	0,627	1,005	0,849
SCO5783	-0,426	0,954	0,847
SCO4076	0,505	0,428	0,846
SCO2384	1,116	0,744	0,841
SCO4134	1,017	0,764	0,84
SCO3835	1,925	0,526	0,833
SCO7802	0,703	0,937	0,828
SCO1504	0,414	0,933	0,828
SCO6784	0,48	1,306	0,824
SCO5356	0,55	0,851	0,823
SCO6222	0,59	0,57	0,819
SCO2786	0,733	0,939	0,816
SCO5857	0,869	0,829	0,814
SCO2608	0,991	0,753	0,813
SCO5007	0,417	0,723	0,813
SCO6004	1,019	0,784	0,811
SCO0571	0,891	1,624	0,81
SCO1108	0,713	0,629	0,81
SCO1123	0,418	0,386	0,808
SCO7728	0,984	0,839	0,807
SCO7447	-0,648	0,591	0,806
SCO7250	0,42	0,743	0,805
SCO1633	0,898	0,82	0,801
SCO4993	0,571	1,068	0,796
SCO5443	0,455	0,649	0,796
SCO4822	0,698	0,895	0,795
SCO5395	0,593	0,602	0,793
SCO0590	0,459	0,945	0,791
SCO7716	0,418	0,471	0,791
SCO6731	0,493	1,686	0,79
SCO4129	0,629	0,755	0,79
SCO7131	0,59	0,474	0,789
SCO3423	1,893	1,147	0,786
SCO5232	0,779	1,006	0,786
SCO1771	0,539	0,733	0,785
SCO2641	0,537	0,667	0,784
SCO5118	-0,368	-0,397	0,784
SCO6722	1,626	0,665	0,781
SCO1805	0,596	0,685	0,779
SCO2761	1,476	1,422	0,778
SCO2245	0,783	0,983	0,776
SCO6739	0,382	0,645	0,775
SCO7075	0,65	0,652	0,773
SCO2127	0,363	0,461	0,771
SCO4820	0,546	1,282	0,767
SCO6444	0,435	0,999	0,766
SCO4089	1,164	0,913	0,766
SCO5357	0,663	0,63	0,766
SCO1466	0,93	1,07	0,762
SCO0308	0,625	0,877	0,757
SCO1980	0,486	0,964	0,756
SCO2882	2,24	1,476	0,755
SCO1423	0,68	0,638	0,751
SCO0445	0,469	0,823	0,749
SCO2948	0,211	0,424	0,746
SCO1670	0,807	0,929	0,742
SCO4654	0,9	0,501	0,737
SCO1026	0,618	0,454	0,736
SCO7455	0,298	0,373	0,732
SCO2666	0,408	0,551	0,73
SCO5621	0,369	0,658	0,728
SCO6675	0,553	0,712	0,725
SCO6629	0,676	0,648	0,725
SCO2681	0,532	0,884	0,723
SCO3406	1,232	1,242	0,721
SCO0975	1,088	0,724	0,72
SCO7473	2,862	0,654	0,718
SCO3043	0,755	0,804	0,712
SCO3506	0,875	0,716	0,712
SCO2074	0,497	0,568	0,712
SCO5220	0,334	0,564	0,711
SCO0630	-0,447	0,371	0,704
SCO4243	0,896	1,125	0,702
SCO5952	0,554	0,822	0,698
SCO2656	0,919	0,861	0,695
SCO4648	0,839	0,755	0,694
SCO5715	0,646	0,741	0,694
SCO0137	0,732	0,567	0,694
SCO4835	0,71	0,72	0,693
SCO5716	0,918	0,544	0,693
SCO0402	0,739	1,1	0,692
SCO7472	3,223	0,78	0,69
SCO3562	-0,526	0,607	0,688
SCO6615	0,946	0,825	0,687
SCO6104	0,659	0,71	0,683
SCO4712	0,748	0,625	0,682
SCO7248	0,882	0,709	0,679
SCO0405	1,01	0,834	0,678
SCO6006	1,362	0,808	0,678
SCO7750	0,667	0,976	0,677
SCO0945	0,564	0,572	0,673
SCO1499	0,708	0,784	0,672
SCO7806	-0,964	0,795	0,666
SCO2667	0,773	0,654	0,665
SCO1992	0,825	0,544	0,665
SCO2967	0,646	1,065	0,664
SCO2821	0,28	0,878	0,664
SCO5782	-0,358	1,069	0,662
SCO6824	0,679	0,833	0,662
SCO4152	1,232	0,802	0,662
SCO5806	1,071	0,428	0,657
SCO2700	0,422	0,892	0,654
SCO7664	0,5	0,277	0,654
SCO0132	0,189	0,266	0,651
SCO5440	0,613	0,793	0,65
SCO1672	0,317	0,788	0,65
SCO2758	0,483	0,647	0,646
SCO5130	1,002	1,035	0,644
SCO1467	0,637	0,94	0,644
SCO7469	1,68	0,636	0,642
SCO4687	1,252	0,575	0,637
SCO5248	0,889	1,863	0,635
SCO5275	0,65	0,835	0,635
SCO1781	0,507	0,769	0,635
SCO7294	0,397	0,439	0,634
SCO5114	1,268	1,04	0,632
SCO5645	0,522	0,554	0,632
SCO3452	0,778	0,46	0,632
SCO6711	0,609	0,301	0,629
SCO6412	0,687	0,803	0,628
SCO4873	0,711	0,609	0,628
SCO6154	0,322	0,62	0,625
SCO4560	0,695	0,609	0,623
SCO5008	0,464	0,421	0,623
SCO3420	1,062	0,641	0,621
SCO1116	0,834	0,902	0,619
SCO4970	0,478	0,608	0,619
SCO7605	0,552	1,07	0,617
SCO7659	1,085	0,633	0,617
SCO4128	0,452	0,663	0,616
SCO6002	0,526	0,537	0,616
SCO1460	0,592	0,98	0,615
SCO6623	1,479	1,071	0,614
SCO2590	0,738	0,573	0,614
SCO6947	1,597	1,003	0,613
SCO2469	0,626	0,574	0,612
SCO7259	0,216	1,183	0,61
SCO2892	0,905	0,298	0,609
SCO1511	0,493	0,58	0,607
SCO2607	0,787	0,348	0,606
SCO2080	0,25	0,508	0,605
SCO1420	0,54	0,612	0,603
SCO2001	0,895	1,078	0,601
SCO4649	0,667	0,641	0,601
SCO0110	0,536	0,438	0,6
SCO5407	1,142	0,903	0,599
SCO1378	0,594	0,557	0,598
SCO1388	0,474	0,368	0,597
SCO4561	0,454	0,732	0,593
SCO1242	0,803	0,556	0,592
SCO3571	0,691	0,369	0,59
SCO3605	0,585	0,37	0,589
SCO7628	0,242	1,026	0,587
SCO4558	0,564	0,775	0,587
SCO0978	0,517	0,752	0,583
SCO3659	0,556	0,775	0,582
SCO1779	0,357	0,62	0,581
SCO7324	0,402	0,327	0,58
SCO4961	0,568	0,66	0,579
SCO1728	1,093	0,613	0,579
SCO5113	1,55	0,926	0,578
SCO6750	1,042	0,461	0,577
SCO1399	0,661	1,002	0,573
SCO6617	0,717	0,861	0,571
SCO6419	0,688	0,573	0,567
SCO4734	0,77	0,668	0,566
SCO0666	-0,28	-0,287	0,566
SCO3095	-0,094	0,23	0,565
SCO5748	0,372	0,574	0,564
SCO4590	0,633	0,638	0,563
SCO0720	0,432	0,798	0,553
SCO3879	0,66	0,83	0,552
SCO5508	0,484	0,347	0,552
SCO5986	0,527	1,146	0,55
SCO2696	0,533	0,401	0,55
SCO6091	-0,593	0,716	0,548
SCO5911	0,262	0,42	0,548
SCO4402	0,428	0,488	0,547
SCO1516	0,552	0,808	0,544
SCO6174	-0,418	0,628	0,541
SCO2594	1,178	0,569	0,541
SCO4933	1,518	0,475	0,54
SCO7266	0,541	0,543	0,535
SCO0286	1,092	0,413	0,535
SCO2011	1,577	1,303	0,531
SCO1444	0,45	0,515	0,529
SCO6550	1,137	0,482	0,529
SCO0885	0,461	-0,76	0,528
SCO3024	0,354	0,673	0,527
SCO2016	0,59	0,485	0,527
SCO6764	1,455	0,678	0,523
SCO6248	0,611	1,146	0,522
SCO1643	0,313	0,449	0,521
SCO1299	0,196	0,202	0,517
SCO6622	0,76	0,641	0,515
SCO6541	0,242	0,37	0,515
SCO6168	0,458	0,413	0,514
SCO0352	0,479	0,815	0,513
SCO2593	0,94	0,652	0,509
SCO6960	0,686	0,529	0,506
SCO2837	0,383	0,833	0,505
SCO6767	1,224	0,598	0,505
SCO3808	0,744	0,53	0,505
SCO0203	1,057	0,451	0,505
SCO5650	1,568	1,327	0,502
SCO6944	0,287	0,66	0,497
SCO5128	0,663	0,714	0,496
SCO1122	0,415	0,446	0,496
SCO1517	0,434	0,491	0,495
SCO0462	0,557	0,224	0,494
SCO1801	0,338	0,224	0,494
SCO6783	0,336	1,006	0,493
SCO1989	0,243	0,594	0,491
SCO2949	0,62	0,516	0,491
SCO4702	0,549	0,497	0,489
SCO6245	1,232	0,95	0,487
SCO3834	1,124	0,31	0,486
SCO6738	0,664	0,909	0,485
SCO7327	0,479	0,633	0,483
SCO7675	-0,597	-0,3	0,483
SCO5406	0,934	0,604	0,482
SCO0072	0,673	0,514	0,482
SCO2267	0,985	-0,259	0,481
SCO6598	0,389	0,438	0,48
SCO7293	0,799	0,609	0,479
SCO3687	-0,616	-0,47	0,476
SCO0431	0,537	0,689	0,473
SCO7777	0,524	0,7	0,472
SCO5586	1,199	0,442	0,468
SCO0640	0,52	0,483	0,467
SCO4722	0,694	0,656	0,462
SCO1666	1,142	0,537	0,46
SCO0687	0,486	0,358	0,458
SCO6712	0,266	0,415	0,457
SCO7474	2,483	0,581	0,455
SCO0300	1,401	0,736	0,454
SCO7559	0,463	0,81	0,453
SCO5213	0,344	0,378	0,453
SCO6466	0,429	0,719	0,452
SCO0642	0,626	0,531	0,452
SCO1907	0,762	0,567	0,45
SCO5569	0,21	0,604	0,447
SCO1418	0,301	0,485	0,447
SCO1372	0,236	0,372	0,447
SCO5281	0,854	0,317	0,447
SCO2209	-0,26	0,478	0,445
SCO3275	0,636	0,716	0,443
SCO7285	0,543	0,461	0,443
SCO2307	0,908	0,482	0,441
SCO0347	0,38	0,648	0,44
SCO5040	0,505	0,506	0,44
SCO2260	0,451	0,406	0,439
SCO1784	0,38	0,299	0,438
SCO2839	1,673	0,781	0,436
SCO1753	0,639	0,439	0,435
SCO6772	0,518	0,507	0,433
SCO2135	0,483	0,764	0,432
SCO1624	0,433	0,768	0,424
SCO6052	1,037	0,595	0,423
SCO0524	0,393	0,482	0,423
SCO0354	0,547	0,784	0,422
SCO0851	0,619	0,597	0,419
SCO2123	0,435	0,494	0,418
SCO6468	1,088	0,831	0,415
SCO2216	0,443	0,564	0,412
SCO5388	0,916	0,526	0,411
SCO1515	0,398	0,627	0,409
SCO6760	0,556	0,376	0,408
SCO1323	0,643	0,774	0,407
SCO0976	0,296	0,43	0,405
SCO1565	0,499	0,714	0,401
SCO7239	0,668	0,667	0,401
SCO6928	0,739	0,349	0,4
SCO0780	0,25	0,359	0,398
SCO3188	0,321	0,311	0,397
SCO6665	0,434	0,525	0,396
SCO0877	0,487	0,391	0,395
SCO6904	0,529	0,325	0,394
SCO3080	0,737	0,502	0,392
SCO3421	0,782	0,615	0,391
SCO5006	0,696	0,686	0,387
SCO3307	0,74	0,271	0,385
SCO1898	-0,464	0,282	0,382
SCO2879	1,756	0,843	0,376
SCO7073	0,524	0,236	0,371
SCO0879	0,375	0,423	0,37
SCO4703	0,649	0,381	0,37
SCO7323	0,583	0,375	0,368
SCO5713	0,553	0,611	0,365
SCO6614	0,383	0,427	0,365
SCO2770	0,317	0,669	0,364
SCO1261	0,264	0,209	0,363
SCO7626	-0,492	0,351	0,359
SCO0928	1,298	0,94	0,358
SCO0546	0,644	0,939	0,348
SCO5441	0,333	0,652	0,34
SCO5456	-0,494	0,397	0,338
SCO6671	0,92	0,755	0,335
SCO7544	0,368	0,499	0,331
SCO6131	0,284	0,693	0,33
SCO6536	0,325	0,37	0,329
SCO6070	0,174	0,417	0,325
SCO3636	0,364	0,439	0,323
SCO7373	0,62	0,355	0,323
SCO5173	0,354	0,552	0,321
SCO6073	2,24	1,251	0,316
SCO1868	-0,356	0,262	0,316
SCO3954	-0,354	0,493	0,315
SCO4439	0,606	0,285	0,304
SCO6769	1,285	0,457	0,303
SCO6334	-0,34	-0,366	0,303
SCO6742	0,548	0,584	0,298
SCO0842	0,43	0,305	0,296
SCO4697	0,48	0,586	0,295
SCO2902	0,548	0,406	0,292
SCO6295	-0,283	0,376	0,288
SCO7421	0,525	0,659	0,285
SCO4891	0,44	0,236	0,282
SCO6361	0,789	0,214	0,28
SCO0767	-0,361	0,364	0,269
SCO6078	0,405	0,302	0,268
SCO3826	0,557	0,358	0,267
SCO7698	0,288	0,369	0,259
SCO2478	-0,163	-0,537	0,248
SCO1175	0,251	0,454	0,245
SCO3830	0,296	-0,194	0,237
SCO6696	0,477	0,61	0,229
SCO0917	-0,374	-0,641	0,228
SCO3077	0,641	0,212	0,217
SCO6768	1,305	0,529	0,201
SCO2578	0,269	0,256	0,2
SCO5122	0,423	0,276	0,198
SCO1034	-0,337	-0,298	0,197
SCO6106	0,239	0,239	0,178
SCO5802	-0,176	0,338	0,175
SCO4692	0,414	0,323	0,16
SCO1614	-0,087	-0,34	-0,072
SCO0804	0,192	-0,163	-0,126
SCO2763	-0,234	-0,273	-0,132
SCO2537	-0,776	-0,371	-0,142
SCO1912	-0,347	-0,3	-0,153
SCO0469	0,219	-0,261	-0,167
SCO4975	-0,234	-0,264	-0,172
SCO2204	-0,693	-0,519	-0,178
SCO3609	-0,199	-0,134	-0,181
SCO4751	-0,362	-0,262	-0,193
SCO3841	-0,193	-0,178	-0,195
SCO7412	-0,205	-0,49	-0,213
SCO1972	-0,325	-0,344	-0,214
SCO7112	-0,2	-0,381	-0,22
SCO4586	-0,495	-0,369	-0,221
SCO3931	-0,522	-0,382	-0,227
SCO0918	-0,453	-0,484	-0,232
SCO2106	-0,226	-0,298	-0,237
SCO3384	-0,285	-0,313	-0,237
SCO5409	0,393	-0,377	-0,242
SCO2380	-0,205	-0,418	-0,243
SCO6046	-0,255	-0,326	-0,25
SCO4069	-0,819	-0,38	-0,251
SCO5947	-0,399	-0,331	-0,253
SCO3782	-0,444	-0,237	-0,254
SCO6335	-0,509	-0,639	-0,255
SCO3771	-0,283	-0,286	-0,256
SCO3507	-0,335	-0,212	-0,259
SCO2259	-0,487	-0,361	-0,26
SCO3757	-0,351	-0,288	-0,261
SCO5551	-0,654	-0,293	-0,265
SCO4458	-0,841	-0,408	-0,265
SCO1256	-0,871	-0,485	-0,267
SCO6121	-0,567	-0,725	-0,267
SCO7318	-0,316	-0,454	-0,272
SCO7720	-0,432	-0,331	-0,274
SCO4297	-0,502	-0,91	-0,274
SCO4797	-0,954	-0,334	-0,277
SCO2467	-0,462	-0,337	-0,283
SCO6649	0,57	-0,217	-0,285
SCO4311	-0,725	-0,231	-0,285
SCO3691	-0,883	-0,402	-0,286
SCO1569	-0,401	-0,247	-0,287
SCO5215	-0,154	-0,284	-0,292
SCO3137	0,29	-0,402	-0,293
SCO1417	-0,366	-0,343	-0,294
SCO3779	-0,195	-0,325	-0,296
SCO2072	-0,381	-0,248	-0,297
SCO1203	-0,337	-0,507	-0,299
SCO4986	-1,049	-0,405	-0,3
SCO6803	-0,23	-0,343	-0,301
SCO5837	0,328	-0,362	-0,301
SCO1184	-0,454	-0,391	-0,302
SCO2002	-0,592	-0,426	-0,302
SCO6692	-0,516	-0,346	-0,306
SCO1313	-0,68	-0,51	-0,306
SCO0796	-0,599	-0,62	-0,308
SCO2964	-0,409	-0,373	-0,309
SCO7542	-0,367	-0,658	-0,309
SCO5874	-0,535	-0,371	-0,312
SCO1881	-0,257	-0,351	-0,314
SCO2500	-0,241	-0,314	-0,315
SCO3898	-0,44	-0,503	-0,315
SCO6558	-0,359	-0,425	-0,321
SCO4149	-0,219	-0,342	-0,322
SCO1617	-0,45	-0,471	-0,326
SCO3611	-0,433	-0,713	-0,326
SCO2773	-0,463	0,588	-0,328
SCO1463	-0,319	-0,37	-0,33
SCO3554	-0,29	-0,414	-0,33
SCO5035	0,405	-0,179	-0,332
SCO0771	0,271	-0,536	-0,333
SCO3115	-0,204	-0,378	-0,334
SCO7345	-0,373	-0,378	-0,334
SCO3718	-0,27	-0,249	-0,336
SCO4585	-1,103	-0,724	-0,336
SCO6999	-0,508	-0,458	-0,341
SCO4606	-0,324	-0,29	-0,342
SCO3633	-0,482	-0,598	-0,342
SCO4871	0,255	-0,286	-0,343
SCO6512	-0,77	-0,337	-0,343
SCO4898	-0,369	-0,378	-0,344
SCO6545	-0,502	-0,449	-0,344
SCO3682	-0,561	-0,57	-0,345
SCO0913	0,657	-0,279	-0,346
SCO3147	-0,419	-0,395	-0,347
SCO5831	-0,268	-0,316	-0,351
SCO0910	0,561	-0,239	-0,353
SCO0556	-0,296	-0,305	-0,354
SCO5680	-0,538	-0,38	-0,355
SCO4195	-0,564	-0,422	-0,359
SCO4867	-0,545	-0,445	-0,359
SCO7443	0,809	-0,227	-0,362
SCO7719	-0,443	-0,456	-0,363
SCO0246	0,299	-0,568	-0,365
SCO5027	-0,561	-0,313	-0,366
SCO6535	0,896	-0,552	-0,366
SCO6986	-0,455	-0,638	-0,366
SCO7125	-0,346	-0,326	-0,368
SCO1362	-0,394	-0,444	-0,374
SCO4625	-0,693	-0,647	-0,375
SCO0252	0,556	-0,368	-0,376
SCO3099	-0,321	-0,409	-0,376
SCO3385	-0,449	-0,397	-0,377
SCO2036	-0,543	-0,622	-0,378
SCO4155	-0,434	-0,376	-0,379
SCO2623	-0,446	-0,446	-0,379
SCO3853	0,273	-0,295	-0,381
SCO6704	-0,543	-0,475	-0,381
SCO7430	-0,3	-0,531	-0,382
SCO7602	-1,083	-0,67	-0,382
SCO4386	-0,304	-0,39	-0,383
SCO5239	-0,526	-0,676	-0,383
SCO3057	-0,552	-0,91	-0,383
SCO2173	-0,361	-0,588	-0,386
SCO1761	-0,286	-0,47	-0,387
SCO0814	-0,512	-0,531	-0,387
SCO2184	-0,31	-0,468	-0,389
SCO6258	-0,455	-0,621	-0,389
SCO7517	-0,21	-0,216	-0,391
SCO5034	0,266	-0,201	-0,392
SCO6491	-0,548	-0,411	-0,393
SCO2316	-0,419	-0,236	-0,394
SCO0697	-0,424	-0,561	-0,395
SCO6810	-0,894	-1,369	-0,398
SCO1132	-0,347	-0,234	-0,401
SCO6055	-1,022	-0,587	-0,401
SCO3769	-0,346	-0,438	-0,403
SCO4680	-0,488	-0,629	-0,403
SCO1859	-0,392	-0,507	-0,404
SCO2933	-0,456	-0,56	-0,406
SCO1074	0,389	-0,374	-0,407
SCO3277	-0,749	-0,265	-0,409
SCO4825	0,312	-0,277	-0,409
SCO4197	-0,465	-0,466	-0,41
SCO1587	-0,339	-0,473	-0,411
SCO6135	-0,285	-0,487	-0,413
SCO1139	-0,41	-0,49	-0,413
SCO1475	-0,842	-0,491	-0,415
SCO5763	-0,391	-0,377	-0,416
SCO5252	0,565	-0,564	-0,417
SCO4315	-0,522	-0,588	-0,417
SCO3873	-0,729	-0,759	-0,417
SCO0247	0,541	-0,771	-0,417
SCO0306	-0,42	-0,542	-0,421
SCO2178	0,547	-0,454	-0,424
SCO1286	-0,454	-0,271	-0,425
SCO5025	-0,501	-0,402	-0,427
SCO6054	-0,327	-0,41	-0,428
SCO5687	-0,522	-0,505	-0,43
SCO0365	-0,459	-0,565	-0,43
SCO6288	-0,566	-0,739	-0,432
SCO6802	0,478	-0,465	-0,433
SCO5378	-0,385	-0,469	-0,433
SCO6138	-0,45	-0,437	-0,436
SCO3684	-0,733	-0,708	-0,437
SCO7376	-0,361	-0,721	-0,438
SCO5509	-0,343	-0,562	-0,439
SCO2399	-0,364	-0,452	-0,444
SCO3303	-0,382	-0,444	-0,445
SCO1864	-0,959	-0,541	-0,446
SCO6866	-0,557	-0,593	-0,447
SCO3331	-0,417	-0,47	-0,448
SCO2576	-0,299	-0,542	-0,449
SCO3332	0,634	-0,475	-0,45
SCO3315	-0,466	-0,246	-0,451
SCO5449	-0,24	-0,496	-0,452
SCO3075	-0,875	-0,449	-0,455
SCO1190	-0,51	-0,438	-0,456
SCO3168	-0,525	-0,476	-0,457
SCO1147	-0,762	-0,489	-0,457
SCO2756	-0,404	-0,578	-0,458
SCO1671	-1,175	-0,702	-0,464
SCO1225	-1,27	-1,019	-0,467
SCO5607	0,528	-0,406	-0,469
SCO1509	-0,769	-0,544	-0,469
SCO1818	-0,303	-0,334	-0,47
SCO1099	-0,514	-0,457	-0,472
SCO6420	-0,502	-0,555	-0,472
SCO4083	-0,529	-0,469	-0,473
SCO3383	-0,531	-0,65	-0,475
SCO7496	-0,487	-0,516	-0,476
SCO0606	-0,545	-0,528	-0,476
SCO6703	-0,546	-0,427	-0,477
SCO0123	-0,446	-0,526	-0,477
SCO5139	-0,468	-0,339	-0,479
SCO4374	-0,7	-0,388	-0,479
SCO4551	0,348	-0,504	-0,481
SCO7013	-0,527	0,857	-0,482
SCO6854	-0,532	-0,521	-0,484
SCO2266	0,445	-0,403	-0,485
SCO3640	-0,499	-0,572	-0,485
SCO4264	-0,858	-0,79	-0,485
SCO3432	-0,467	-0,484	-0,486
SCO4608	-0,282	-0,204	-0,487
SCO3669	-1,428	-0,648	-0,488
SCO5816	-0,528	-0,464	-0,489
SCO3100	-0,567	-0,594	-0,489
SCO7625	-0,416	-0,595	-0,489
SCO4548	-0,414	-0,357	-0,49
SCO2861	0,518	-0,737	-0,49
SCO1788	-0,782	-0,59	-0,491
SCO5450	-0,279	-0,394	-0,492
SCO2191	0,882	-0,373	-0,493
SCO4312	-0,34	-0,463	-0,496
SCO6319	-0,28	-0,603	-0,496
SCO6232	-0,636	-0,572	-0,501
SCO0912	0,619	-0,467	-0,503
SCO6506	-0,546	-0,952	-0,504
SCO5549	-0,298	-0,559	-0,505
SCO4021	-0,598	-0,483	-0,509
SCO2546	-0,189	-0,626	-0,509
SCO1549	-0,309	-0,339	-0,51
SCO2254	-0,663	-0,626	-0,51
SCO5448	-0,233	-0,482	-0,512
SCO1210	0,486	-0,467	-0,513
SCO4846	-0,29	-0,603	-0,513
SCO4368	-0,635	-0,465	-0,514
SCO1872	-0,611	-0,511	-0,515
SCO1336	-0,469	-0,484	-0,518
SCO2484	1,107	-0,423	-0,519
SCO3736	-0,959	-0,69	-0,519
SCO4612	-0,399	-0,768	-0,52
SCO3727	0,413	-0,708	-0,521
SCO3690	-0,726	-0,995	-0,521
SCO4342	-0,571	-0,649	-0,522
SCO4015	-1,795	-1,04	-0,523
SCO3414	-0,579	-0,958	-0,524
SCO7494	-0,8	-0,902	-0,526
SCO2223	-0,575	-0,588	-0,528
SCO0596	-0,484	-0,907	-0,528
SCO2121	-0,355	-0,547	-0,529
SCO7311	-0,387	-0,606	-0,529
SCO1279	-0,654	-0,563	-0,531
SCO7038	-0,445	-0,534	-0,532
SCO6501	-0,789	-0,636	-0,532
SCO6751	-1,158	-0,665	-0,534
SCO6257	-0,752	-0,939	-0,534
SCO7012	-0,436	0,905	-0,536
SCO5842	-0,705	-0,611	-0,537
SCO0793	-0,586	-0,476	-0,539
SCO0187	-0,734	-0,659	-0,54
SCO7763	-0,7	-0,815	-0,542
SCO0695	-0,37	-0,893	-0,545
SCO4284	-0,725	-0,661	-0,546
SCO3066	-0,513	-0,672	-0,546
SCO0262	-0,981	-0,475	-0,547
SCO0741	0,24	-0,661	-0,547
SCO0818	-0,51	-0,704	-0,547
SCO6889	-0,928	-0,534	-0,548
SCO4875	-0,457	-0,52	-0,549
SCO2320	-0,51	-0,547	-0,549
SCO4643	-0,913	-0,753	-0,549
SCO3638	-0,444	-0,66	-0,55
SCO6294	-0,434	-0,629	-0,552
SCO1424	-0,337	-0,641	-0,553
SCO4067	-0,735	-0,689	-0,553
SCO2725	-1,278	-0,64	-0,554
SCO2853	-0,5	-0,496	-0,555
SCO4125	-0,539	-0,856	-0,555
SCO3132	0,386	-0,611	-0,556
SCO5380	-0,699	-0,662	-0,557
SCO2797	-0,596	-0,56	-0,56
SCO2228	-0,568	-0,421	-0,562
SCO7139	-0,404	-0,446	-0,563
SCO7033	-0,739	-0,615	-0,563
SCO6923	-0,438	-0,51	-0,564
SCO7274	-0,478	-0,612	-0,564
SCO4730	-0,882	-0,764	-0,566
SCO3875	-0,509	-0,782	-0,567
SCO2475	-0,536	-0,54	-0,568
SCO5603	-0,416	-0,617	-0,568
SCO3534	-0,473	-0,709	-0,568
SCO4829	-0,341	-0,486	-0,57
SCO3628	-0,422	-0,634	-0,57
SCO7032	-0,744	-0,457	-0,571
SCO3559	-0,768	-0,737	-0,573
SCO5369	-0,919	-0,589	-0,574
SCO1231	0,621	-0,504	-0,575
SCO6845	-0,577	-0,78	-0,575
SCO0734	-0,656	-0,48	-0,58
SCO2645	-0,6	-0,418	-0,581
SCO4170	-0,384	-0,782	-0,581
SCO1245	0,863	-0,437	-0,584
SCO5665	-1,472	-0,956	-0,584
SCO2388	1,029	-0,508	-0,586
SCO7347	-0,489	-0,825	-0,586
SCO1296	0,978	-0,442	-0,588
SCO7585	-0,964	-0,966	-0,588
SCO7039	-0,913	-0,646	-0,59
SCO7056	0,281	-0,418	-0,591
SCO4597	-0,664	-0,81	-0,592
SCO4651	-0,706	-0,852	-0,592
SCO4482	-0,668	-0,633	-0,594
SCO4618	-0,518	-0,481	-0,595
SCO2939	-1,431	-0,9	-0,597
SCO3437	-0,662	-0,82	-0,601
SCO6217	-0,846	-0,929	-0,603
SCO4338	-1,222	-0,788	-0,604
SCO5371	-1,13	-0,548	-0,607
SCO2972	-0,49	-0,59	-0,608
SCO3104	-0,497	-0,48	-0,609
SCO6612	-0,225	-0,628	-0,609
SCO4305	-0,502	-0,657	-0,609
SCO5102	-0,537	-0,907	-0,614
SCO2587	-0,649	-0,632	-0,615
SCO1145	-1,548	-0,689	-0,615
SCO6216	-0,682	-0,807	-0,615
SCO0128	-0,804	-0,898	-0,615
SCO3243	-0,749	-0,627	-0,617
SCO3250	-0,491	-0,456	-0,618
SCO0874	-1,307	-0,556	-0,618
SCO4065	-0,353	-0,653	-0,619
SCO7186	-0,646	-0,862	-0,619
SCO3568	-0,614	-0,931	-0,619
SCO0849	-0,577	-0,514	-0,62
SCO5291	0,772	-0,521	-0,621
SCO3928	-0,692	-0,682	-0,622
SCO6504	-0,79	-1,033	-0,623
SCO6486	0,549	-0,489	-0,624
SCO2876	-1,27	-0,779	-0,625
SCO7382	-0,536	-0,683	-0,627
SCO6811	-3,091	-1,99	-0,627
SCO3527	-0,62	-0,563	-0,631
SCO7634	-1,309	-0,943	-0,631
SCO1813	-1,233	-0,748	-0,633
SCO7520	-0,415	-0,637	-0,634
SCO6281	-0,808	-0,987	-0,634
SCO5312	0,234	-0,665	-0,636
SCO4480	-0,616	-1,312	-0,637
SCO4369	-0,628	-0,658	-0,638
SCO0151	-0,712	-0,486	-0,639
SCO7120	-0,701	-0,639	-0,639
SCO4957	-0,902	-0,975	-0,639
SCO7199	-0,361	-0,399	-0,64
SCO6450	-0,743	-0,611	-0,64
SCO5322	-0,614	-0,804	-0,64
SCO2532	-1,273	-0,941	-0,64
SCO6500	-0,844	-1,03	-0,641
SCO3914	-0,463	-0,928	-0,643
SCO7208	-0,824	-1,055	-0,645
SCO4802	-1,85	-1,127	-0,645
SCO3576	0,823	-0,581	-0,647
SCO4166	-1,621	-1,258	-0,648
SCO6599	-0,395	-0,429	-0,652
SCO4989	-0,558	-0,404	-0,653
SCO4407	-0,582	-0,63	-0,653
SCO4171	-0,827	-0,838	-0,654
SCO6847	-0,581	-0,666	-0,656
SCO4073	-0,44	-0,679	-0,658
SCO7362	-1,057	-0,6	-0,659
SCO3983	-0,5	-0,724	-0,659
SCO4607	-0,883	-0,772	-0,659
SCO3297	-0,486	-0,793	-0,659
SCO4782	-0,877	-0,916	-0,661
SCO1544	-0,489	-0,972	-0,661
SCO3313	-1,172	-0,969	-0,662
SCO0459	0,962	-1,143	-0,662
SCO4828	-0,394	-0,707	-0,663
SCO3153	-0,567	-0,739	-0,663
SCO5483	-0,507	-0,588	-0,665
SCO7169	-0,438	-0,83	-0,666
SCO2262	0,259	-0,723	-0,668
SCO3162	-0,386	-0,734	-0,668
SCO4719	-0,389	-0,5	-0,669
SCO3699	-0,886	-0,823	-0,671
SCO5517	-0,97	-0,97	-0,671
SCO1233	1,225	-0,423	-0,673
SCO0647	-0,855	-0,701	-0,674
SCO7202	-0,466	-0,776	-0,676
SCO2565	0,497	-0,789	-0,676
SCO6024	-0,321	-0,475	-0,678
SCO0994	1,791	1,503	-0,684
SCO2172	0,528	-0,672	-0,684
SCO7173	-0,538	-0,832	-0,684
SCO7288	-0,963	-0,92	-0,684
SCO5492	0,735	-0,455	-0,685
SCO5743	0,525	-0,523	-0,685
SCO2975	-0,571	-0,634	-0,687
SCO5056	-0,823	-0,877	-0,687
SCO6280	-0,504	-0,711	-0,69
SCO0439	0,641	-0,566	-0,691
SCO3363	-0,399	-0,83	-0,691
SCO4721	-0,783	-0,649	-0,692
SCO4415	-0,388	-0,704	-0,693
SCO5679	-1,249	-0,795	-0,693
SCO1876	-0,672	-0,922	-0,697
SCO2535	-0,577	-0,6	-0,698
SCO4180	-0,875	-0,697	-0,698
SCO3122	-0,484	-0,679	-0,699
SCO1280	-0,866	-0,712	-0,7
SCO3509	-0,649	-1,21	-0,7
SCO5048	-0,506	-0,631	-0,701
SCO0030	-0,539	-0,748	-0,701
SCO3524	-0,569	-0,523	-0,703
SCO1592	-0,439	-0,674	-0,703
SCO3581	-1,286	-0,767	-0,703
SCO0779	-0,445	-0,686	-0,704
SCO1921	0,483	-0,934	-0,706
SCO4604	-0,498	-0,526	-0,707
SCO3084	-0,885	-0,686	-0,707
SCO2694	-0,727	-0,739	-0,707
SCO1939	-0,307	-0,602	-0,708
SCO2875	-0,763	-0,894	-0,71
SCO6480	-0,736	-1,286	-0,71
SCO4081	-0,604	-0,691	-0,711
SCO2347	-0,487	-0,687	-0,713
SCO6538	-0,318	-0,716	-0,713
SCO2806	-0,551	-0,84	-0,714
SCO0776	-0,724	-0,835	-0,716
SCO3600	-1,076	-0,84	-0,716
SCO2683	-0,544	-0,954	-0,719
SCO4372	0,567	-0,676	-0,722
SCO5426	-0,513	-0,79	-0,724
SCO2808	-1,076	-0,886	-0,724
SCO1731	-1,862	-1,122	-0,725
SCO5451	-0,468	-0,786	-0,726
SCO4429	-0,204	-0,714	-0,727
SCO3956	-2,73	-1,109	-0,728
SCO7165	-0,337	-0,824	-0,729
SCO2224	-0,988	-0,912	-0,731
SCO5704	-0,719	-1,009	-0,731
SCO1714	-0,597	-0,936	-0,733
SCO6805	-0,854	-0,972	-0,733
SCO0080	-0,838	-1,038	-0,733
SCO7358	0,594	-0,579	-0,735
SCO3823	0,411	-0,635	-0,735
SCO4652	-0,501	-0,435	-0,737
SCO1486	-0,443	-0,638	-0,737
SCO4981	-1,156	-0,92	-0,738
SCO5374	-0,937	-0,993	-0,739
SCO4143	-0,957	-0,623	-0,74
SCO4587	-0,989	-1,27	-0,74
SCO5493	-0,941	-1	-0,742
SCO1167	-0,737	-0,592	-0,743
SCO1246	0,711	-0,593	-0,743
SCO2534	-0,534	-0,636	-0,746
SCO2873	-1,147	-0,727	-0,746
SCO2442	-0,922	-0,822	-0,746
SCO7397	-0,658	-0,904	-0,746
SCO1520	-0,663	-0,778	-0,749
SCO5379	-0,631	-1,085	-0,751
SCO1519	-0,88	-0,457	-0,755
SCO4231	-0,599	-0,888	-0,756
SCO3283	-0,906	-0,936	-0,756
SCO7694	-1,127	-0,973	-0,758
SCO4082	-0,569	-0,784	-0,76
SCO1022	-0,564	-0,83	-0,76
SCO0429	-0,296	-0,62	-0,761
SCO1787	0,743	-0,744	-0,761
SCO3143	-0,684	-0,667	-0,762
SCO5255	-0,579	-1,222	-0,763
SCO2615	-0,642	-0,723	-0,764
SCO4016	-0,852	-0,806	-0,765
SCO6126	-1,022	-1,371	-0,766
SCO5133	-0,597	-0,75	-0,771
SCO1953	-0,854	-0,852	-0,771
SCO2986	-0,616	-0,882	-0,772
SCO4268	-1,776	-0,956	-0,772
SCO6511	-0,791	-0,72	-0,773
SCO1820	-0,539	-1,027	-0,775
SCO1847	-0,514	-0,545	-0,776
SCO3388	-0,535	-0,603	-0,777
SCO1840	-0,487	-0,423	-0,778
SCO7522	-1,585	-0,818	-0,778
SCO3522	-1,436	-0,724	-0,78
SCO1902	-0,8	-0,968	-0,781
SCO6087	-1,18	-0,794	-0,783
SCO2232	0,48	-0,657	-0,784
SCO4628	-0,543	-0,785	-0,785
SCO3037	-0,971	-0,856	-0,787
SCO0491	0,924	-0,397	-0,788
SCO2614	-0,568	-0,993	-0,788
SCO4806	-0,48	-0,701	-0,792
SCO6018	-0,326	-0,864	-0,792
SCO5260	0,865	-0,642	-0,795
SCO6221	-0,803	-0,405	-0,796
SCO6075	-0,393	-0,887	-0,796
SCO3602	-1,613	-0,696	-0,799
SCO6263	-1,035	-0,899	-0,801
SCO1681	-1,076	-1,21	-0,803
SCO5547	-0,292	-0,626	-0,805
SCO7495	-0,438	-0,588	-0,807
SCO3425	1,199	-0,746	-0,81
SCO6687	-0,579	-0,875	-0,813
SCO2054	-0,67	-0,739	-0,815
SCO0939	-1,453	-0,924	-0,819
SCO2852	-0,541	-0,962	-0,819
SCO3403	-0,839	-1,912	-0,819
SCO6459	-0,311	-0,633	-0,821
SCO3227	-0,583	-0,725	-0,822
SCO4449	-0,971	-0,908	-0,822
SCO6502	-0,684	-1,158	-0,823
SCO5928	-0,753	-0,888	-0,824
SCO0156	-0,455	-0,837	-0,825
SCO5535	1,214	-0,84	-0,826
SCO3185	-0,54	-0,842	-0,827
SCO0426	2,051	-0,769	-0,829
SCO5676	-1,688	-1,284	-0,83
SCO4212	-0,547	-0,863	-0,836
SCO4109	0,853	-0,543	-0,838
SCO2024	-0,499	-0,582	-0,838
SCO6701	-0,568	-0,702	-0,838
SCO3670	-1,492	-0,75	-0,838
SCO3876	-0,597	-0,907	-0,838
SCO2437	0,633	-0,408	-0,841
SCO1133	-0,595	-0,494	-0,841
SCO1447	-0,914	-0,921	-0,844
SCO1067	-0,614	-0,887	-0,845
SCO1518	-0,985	-0,962	-0,852
SCO7100	-0,677	-1,056	-0,852
SCO5926	-0,515	-0,83	-0,853
SCO1342	-1,087	-0,882	-0,853
SCO6259	-0,55	-0,896	-0,853
SCO7603	-0,747	-0,778	-0,855
SCO5019	-0,714	-1,088	-0,855
SCO5066	-0,572	-0,825	-0,856
SCO3911	-1,559	-1,19	-0,856
SCO3952	-0,823	-0,649	-0,857
SCO1654	-0,593	-1,124	-0,857
SCO4285	-1,348	-1,154	-0,857
SCO4434	-1,01	-0,989	-0,858
SCO2913	-0,444	-1,008	-0,858
SCO0427	-0,669	-0,902	-0,859
SCO2994	-0,508	-0,961	-0,86
SCO0157	-0,57	-0,689	-0,863
SCO2849	-0,421	-1,227	-0,866
SCO4199	1,021	-0,735	-0,871
SCO5536	1,21	-1,139	-0,871
SCO5772	-1,383	-0,916	-0,874
SCO3671	-1,588	-0,881	-0,882
SCO6743	-1,252	-1,247	-0,882
SCO3732	-0,935	-0,588	-0,883
SCO4954	-0,947	-1,091	-0,883
SCO1616	-0,725	-1	-0,885
SCO0740	0,584	-0,903	-0,888
SCO7724	-0,636	-0,901	-0,89
SCO6694	-2,081	-1,747	-0,891
SCO2141	-0,344	-0,866	-0,892
SCO3429	0,681	-0,927	-0,892
SCO3912	-0,925	-0,87	-0,893
SCO3389	-0,724	-0,917	-0,894
SCO3582	-1,141	-1,113	-0,894
SCO3387	-1,148	-1,034	-0,899
SCO3242	-0,735	-0,871	-0,906
SCO5236	-1,372	-1,293	-0,907
SCO7807	-1,447	-1,373	-0,908
SCO3053	0,318	-0,332	-0,909
SCO1968	1,002	-0,92	-0,911
SCO1916	0,569	-0,611	-0,912
SCO2093	0,505	-0,928	-0,912
SCO1412	1,195	-0,88	-0,913
SCO6148	-0,494	-1,165	-0,916
SCO2319	-0,907	-0,72	-0,917
SCO3907	-0,539	-0,854	-0,917
SCO2468	-0,78	-0,764	-0,921
SCO3719	-0,888	-0,787	-0,922
SCO2356	-0,972	-0,955	-0,922
SCO6100	-0,937	-0,902	-0,923
SCO1873	-0,644	-1,095	-0,926
SCO2755	-0,802	-0,516	-0,928
SCO2109	-0,753	-0,88	-0,93
SCO3874	-1,6	-1,269	-0,93
SCO5184	-1,179	-0,756	-0,931
SCO0670	-0,474	-0,824	-0,931
SCO0430	-0,619	-0,836	-0,931
SCO5781	-1,635	-1,042	-0,931
SCO5977	-0,422	-0,683	-0,933
SCO2628	0,969	-0,786	-0,935
SCO5836	-0,908	-0,951	-0,936
SCO2737	-1,372	-1,094	-0,937
SCO5761	-1,441	-1,148	-0,937
SCO6099	-0,536	-0,465	-0,939
SCO0493	0,518	-0,798	-0,94
SCO2261	-0,724	-0,947	-0,942
SCO2298	-1,144	-0,967	-0,949
SCO1380	-1,735	-1,442	-0,95
SCO3675	-0,308	-0,635	-0,952
SCO4018	-0,638	-1,091	-0,956
SCO3118	-0,53	-0,778	-0,957
SCO2214	-0,982	-1,027	-0,957
SCO0483	-0,613	-1,044	-0,957
SCO4215	-0,786	-1,127	-0,957
SCO0032	-1,121	-1,325	-0,958
SCO5370	-1,004	-0,833	-0,96
SCO3199	-1,304	-1,03	-0,963
SCO3235	-0,403	-0,859	-0,964
SCO1483	-0,51	-0,939	-0,965
SCO7286	-0,458	-1,083	-0,967
SCO1765	-0,673	-1,076	-0,969
SCO1448	-1,919	-1,338	-0,972
SCO3229	-0,394	-0,698	-0,977
SCO3131	0,342	-0,888	-0,98
SCO0996	1,721	0,725	-0,981
SCO3418	-1,104	-1,063	-0,981
SCO3176	-0,486	-0,879	-0,982
SCO4987	-1,198	-0,945	-0,985
SCO6499	-1,115	-2,057	-0,986
SCO2731	-1,61	-1,22	-0,99
SCO0875	-1,708	-0,89	-0,994
SCO4940	-0,616	-1,107	-0,995
SCO2213	-0,814	-0,918	-0,998
SCO0543	0,695	-1,051	-0,998
SCO2065	-1,005	-1,109	-0,998
SCO0753	0,727	-0,811	-0,999
SCO3360	-1,195	-0,821	-1
SCO7200	-0,508	-1,01	-1
SCO4999	-0,773	-0,793	-1,01
SCO5486	-1,011	-1,005	-1,012
SCO4413	-0,954	-0,898	-1,014
SCO3542	-1,219	-0,846	-1,019
SCO7764	-0,792	-1,241	-1,021
SCO2992	-0,34	-1,126	-1,022
SCO2564	-1,145	-1,221	-1,022
SCO6177	-0,776	-1,225	-1,022
SCO4364	-0,705	-1,036	-1,027
SCO2613	-0,497	-1,089	-1,03
SCO4298	0,43	-1,044	-1,032
SCO3339	-0,763	-0,978	-1,036
SCO0185	-0,804	-0,97	-1,037
SCO2793	-0,456	-1,022	-1,037
SCO4424	-1,22	-1,63	-1,038
SCO2064	-0,913	-1,052	-1,044
SCO5510	1,04	-0,759	-1,046
SCO3287	-0,92	-0,903	-1,046
SCO3541	-1,531	-1,189	-1,046
SCO2958	1,572	-0,918	-1,047
SCO6446	-1,28	-0,921	-1,047
SCO3434	-1,472	-1,356	-1,049
SCO4198	0,655	-1,22	-1,051
SCO5619	-0,65	-1,035	-1,052
SCO7654	-0,672	-0,686	-1,056
SCO3784	-0,464	-0,899	-1,057
SCO1366	-1,561	-1,92	-1,058
SCO7136	-0,512	-1,028	-1,06
SCO3392	-0,801	-1,173	-1,062
SCO6435	-0,407	-0,628	-1,063
SCO7466	0,552	-0,898	-1,064
SCO0992	2,077	1,578	-1,066
SCO0492	1,254	-0,57	-1,068
SCO2390	0,8	-0,92	-1,07
SCO2383	0,814	-0,972	-1,072
SCO4850	-0,686	-0,902	-1,074
SCO0263	-0,896	-1,051	-1,075
SCO4804	-2,222	-1,384	-1,082
SCO0993	1,146	0,848	-1,085
SCO4244	1,094	-1,036	-1,085
SCO1653	-1,667	-1,308	-1,085
SCO5860	-0,921	-1,227	-1,091
SCO4685	-0,938	-1,155	-1,093
SCO0558	-1,886	-1,239	-1,094
SCO6318	-0,606	-1,232	-1,096
SCO3402	-0,735	-1,317	-1,097
SCO4739	-0,711	-0,756	-1,1
SCO3961	-0,769	-0,791	-1,102
SCO4556	-0,727	-1,35	-1,108
SCO4287	-1,532	-1,381	-1,108
SCO6953	-1,55	-1,469	-1,114
SCO1392	-1,622	-1,296	-1,117
SCO3002	-0,821	-1,42	-1,117
SCO1821	-1,573	-1,217	-1,118
SCO6449	-0,896	-1,079	-1,119
SCO2862	-0,49	-1,103	-1,119
SCO0490	0,937	-1,166	-1,119
SCO0180	1,624	-1,275	-1,119
SCO4801	-2,047	-1,362	-1,121
SCO4808	0,99	-0,776	-1,123
SCO3696	-1,755	-1,724	-1,123
SCO6693	-1,045	-1,21	-1,124
SCO0226	0,461	-1,386	-1,129
SCO4254	0,497	-1,377	-1,135
SCO6320	-1,305	-1,48	-1,141
SCO0173	1,465	-1,437	-1,143
SCO2605	-1,61	-1,075	-1,152
SCO3309	-0,752	-1,165	-1,16
SCO3917	-1,556	-1,034	-1,17
SCO1874	-0,827	-1,392	-1,173
SCO3519	-0,662	-1,204	-1,177
SCO4577	-1,235	-0,99	-1,183
SCO3909	-1,179	-1,35	-1,184
SCO6778	-0,623	-0,732	-1,185
SCO3036	-1,33	-1,469	-1,186
SCO0646	-1,445	-1,147	-1,189
SCO3089	-1,696	-1,484	-1,189
SCO4583	-1,456	-1,643	-1,189
SCO1453	0,295	-1,218	-1,191
SCO6779	-0,73	-1,436	-1,195
SCO3367	-1,702	-1,571	-1,195
SCO4630	-1,248	-1,62	-1,195
SCO6494	-0,614	-0,896	-1,197
SCO3362	-0,946	-1,275	-1,197
SCO4377	-0,496	-1,21	-1,199
SCO6686	-1,051	-1,421	-1,201
SCO5646	-0,781	-0,834	-1,202
SCO7571	-0,603	-1,231	-1,202
SCO1404	-0,63	-0,995	-1,203
SCO1134	-1,295	-1,179	-1,203
SCO0795	-1,348	-1,261	-1,214
SCO2206	-0,52	-1,186	-1,215
SCO6403	-0,828	-1,573	-1,217
SCO4242	0,812	-1,288	-1,218
SCO3564	-1,56	-1,446	-1,218
SCO1193	-0,715	-1,146	-1,228
SCO3000	-2,55	-1,924	-1,228
SCO1875	-0,593	-1,511	-1,239
SCO2352	-2,556	-1,332	-1,24
SCO7615	-0,777	-0,85	-1,241
SCO3278	-0,749	-1,083	-1,242
SCO5254	-1,45	-2,459	-1,242
SCO5566	-1,85	-1,598	-1,245
SCO2136	0,328	-0,739	-1,247
SCO4186	-1,215	-1,512	-1,247
SCO1631	-1,202	-1,126	-1,248
SCO4559	-0,605	-1,223	-1,249
SCO0189	-0,817	-1,124	-1,253
SCO5185	-1,233	-0,925	-1,259
SCO3165	-0,692	-1,028	-1,26
SCO4145	-0,772	-1,095	-1,26
SCO0428	-0,886	-1,088	-1,261
SCO7094	-0,901	-1,215	-1,261
SCO4941	-0,553	-1,298	-1,262
SCO4493	-0,549	-1,475	-1,263
SCO2241	1,033	-1,09	-1,264
SCO1506	-1,059	-1,047	-1,266
SCO7271	-0,97	-1,154	-1,267
SCO2315	-1,078	-1,069	-1,268
SCO1680	-1,194	-1,42	-1,27
SCO1663	0,468	-0,984	-1,273
SCO6273	-1,062	-1,434	-1,273
SCO4624	-0,753	-1,024	-1,282
SCO3686	-1,496	-1,703	-1,282
SCO2863	-1,608	-1,118	-1,283
SCO4988	-1,255	-0,825	-1,284
SCO6298	-0,784	-1,074	-1,286
SCO4483	-0,824	-1,359	-1,289
SCO1852	-0,61	-0,773	-1,29
SCO0188	-1,348	-1,459	-1,292
SCO4156	-1,288	-1,341	-1,298
SCO3890	-0,812	-1,717	-1,299
SCO2107	-1,297	-1,204	-1,3
SCO5770	-3,084	-1,821	-1,301
SCO3897	-1,569	-0,934	-1,303
SCO3285	-1,526	-1,237	-1,308
SCO2845	-1,298	-1,022	-1,31
SCO5285	-1,843	-2,118	-1,31
SCO5769	-3,107	-2,102	-1,311
SCO4313	-1,231	-1,242	-1,313
SCO6267	-1,75	-0,661	-1,315
SCO1785	1,327	-1,127	-1,32
SCO1935	-0,633	-1,271	-1,322
SCO6199	0,519	-0,949	-1,337
SCO7061	-1,171	-1,503	-1,342
SCO2781	-0,478	-1,453	-1,343
SCO1856	-0,838	-1,012	-1,345
SCO0133	-0,931	-1,345	-1,345
SCO4004	-1,191	-1,418	-1,347
SCO5657	-1,37	-1,36	-1,353
SCO4308	-1,248	-1,204	-1,354
SCO7157	-0,834	-1,361	-1,357
SCO1409	-0,898	-1,165	-1,359
SCO4919	-0,808	-1,612	-1,359
SCO2212	-1,317	-0,989	-1,362
SCO0769	-0,406	-1,51	-1,366
SCO0869	-1,21	-1,014	-1,367
SCO4288	-0,784	-1,322	-1,369
SCO5859	-1,194	-1,457	-1,375
SCO4223	-1,353	-1,643	-1,377
SCO4994	0,97	-1,312	-1,393
SCO6109	0,518	-0,97	-1,394
SCO1767	-1,593	-1,401	-1,396
SCO1343	-1,833	-1,63	-1,396
SCO4019	-1,052	-1,434	-1,398
SCO7646	-1,108	-1,397	-1,4
SCO1567	-1,834	-1,674	-1,405
SCO5815	-1,527	-1,538	-1,407
SCO2346	-1,411	-1,517	-1,412
SCO3822	-1,063	-1,173	-1,413
SCO3090	-1,201	-1,567	-1,413
SCO6565	-1,766	-1,721	-1,413
SCO4543	-1,059	-1,266	-1,434
SCO3629	-0,488	-1,269	-1,436
SCO2162	-1,035	-1,936	-1,436
SCO0761	0,869	-1,988	-1,436
SCO1046	-2,342	-2,004	-1,436
SCO5567	-1,695	-1,836	-1,445
SCO0593	-1,819	-1,336	-1,446
SCO0225	-0,658	-1,613	-1,446
SCO5918	-0,923	-1,587	-1,449
SCO4762	-0,508	-0,795	-1,451
SCO2354	-1,535	-1,714	-1,454
SCO2189	-0,89	-1,287	-1,456
SCO0029	-0,86	-1,658	-1,456
SCO4245	1,064	-1,746	-1,463
SCO4346	-1,167	-1,44	-1,472
SCO3117	-1,029	-1,306	-1,478
SCO4337	-0,563	-1,473	-1,482
SCO7608	-0,674	-1,602	-1,491
SCO2498	-0,537	-1,372	-1,494
SCO6122	-1,063	-1,473	-1,495
SCO0729	-1,186	-0,545	-1,497
SCO1293	2,265	-1,344	-1,498
SCO0645	-2,383	-1,279	-1,502
SCO2905	-1,279	-2,476	-1,508
SCO0447	-0,8	-1,46	-1,509
SCO2353	-2,766	-1,947	-1,514
SCO2859	0,261	-1,407	-1,524
SCO4609	-1,699	-2,096	-1,528
SCO2105	-1,767	-1,854	-1,537
SCO4913	-0,851	-1,544	-1,539
SCO4611	-2,469	-1,801	-1,539
SCO3151	1,25	-1,351	-1,54
SCO7090	-1,509	-1,787	-1,54
SCO7426	-1,44	-1,621	-1,542
SCO3513	-0,996	-1,023	-1,543
SCO4375	-1,617	-1,61	-1,561
SCO6262	-2,226	-2,02	-1,561
SCO7693	-2,1	-1,499	-1,562
SCO5919	-0,601	-1,942	-1,567
SCO0031	-1,031	-1,55	-1,57
SCO3351	-2,419	-1,906	-1,571
SCO1292	-2,037	-1,802	-1,574
SCO6329	-0,836	-1,876	-1,577
SCO2847	-1,585	-1,709	-1,582
SCO3399	-0,802	-1,418	-1,597
SCO0186	-1,159	-1,569	-1,597
SCO5616	-0,894	-1,74	-1,598
SCO1576	-1,136	-1,614	-1,6
SCO6342	-2,213	-1,837	-1,608
SCO3802	-1,105	-1,652	-1,618
SCO5227	-1,161	-1,141	-1,625
SCO0499	1,416	-1,029	-1,637
SCO1234	1,393	-0,765	-1,644
SCO2470	-1,045	-1,596	-1,651
SCO3390	-1,749	-1,718	-1,658
SCO1766	-1,754	-1,612	-1,66
SCO3105	-2,885	-1,336	-1,661
SCO7205	-1,792	-1,712	-1,662
SCO5264	-1,629	-1,731	-1,69
SCO3632	-1,144	-1,717	-1,692
SCO1182	-1,694	-1,87	-1,693
SCO2844	-0,861	-1,452	-1,696
SCO1086	-1,188	-1,681	-1,709
SCO1335	-0,998	-1,889	-1,714
SCO3050	-4,173	-2,396	-1,719
SCO3091	0,777	-2,08	-1,724
SCO1405	-1,058	-1,581	-1,733
SCO2910	-1,479	-1,969	-1,734
SCO4030	-1,695	-1,87	-1,735
SCO5333	-1,242	-1,932	-1,735
SCO3701	-1,852	-2,176	-1,736
SCO5920	-1,491	-1,62	-1,746
SCO4371	-2,049	-1,802	-1,756
SCO1568	-3,461	-3,072	-1,756
SCO3366	-1,761	-1,434	-1,762
SCO1291	-2,483	-1,992	-1,763
SCO1559	-1,685	-1,828	-1,769
SCO6735	-2,316	-2,53	-1,777
SCO3007	-1,995	-1,836	-1,78
SCO0218	3,021	-1,506	-1,789
SCO1522	-0,954	-1,353	-1,795
SCO1812	-1,526	-1,687	-1,795
SCO3710	-1,923	-1,648	-1,802
SCO6478	-1,287	-2,186	-1,804
SCO4761	-0,996	-1,2	-1,807
SCO2199	-0,939	-1,891	-1,81
SCO2907	-1,77	-1,905	-1,821
SCO2490	-0,491	-1,818	-1,829
SCO2003	-2,047	-1,913	-1,839
SCO4610	-1,533	-2,397	-1,846
SCO4289	-1,472	-1,737	-1,851
SCO7528	-1,175	-1,955	-1,851
SCO0497	0,857	-1,576	-1,859
SCO3712	-1,321	-1,848	-1,86
SCO6272	-1,162	-1,74	-1,867
SCO1966	-2,777	-2,385	-1,869
SCO2730	-3,049	-2,42	-1,874
SCO1144	-1,827	-1,995	-1,88
SCO7464	0,794	-1,387	-1,883
SCO6274	-1,752	-2,099	-1,883
SCO6220	-0,994	-1,4	-1,887
SCO4286	-1,557	-1,854	-1,889
SCO4471	-0,806	-2,826	-1,895
SCO3401	-1,426	-1,847	-1,901
SCO6086	-2,412	-1,61	-1,902
SCO2780	0,785	-1,376	-1,903
SCO1183	-1,318	-1,94	-1,903
SCO1969	-1,134	-2,425	-1,903
SCO3400	-1,448	-1,951	-1,913
SCO6341	-2,039	-2,08	-1,917
SCO1570	-0,909	-2,125	-1,92
SCO3341	-1,55	-1,853	-1,922
SCO2205	-3,472	-3,566	-1,928
SCO6279	-0,922	-2,537	-1,931
SCO3792	-0,744	-1,499	-1,937
SCO4165	-1,895	-2,074	-1,937
SCO6275	-1,936	-2,092	-1,946
SCO4498	-2,042	-2,147	-1,946
SCO7442	-1,455	-1,521	-1,952
SCO3282	-1,573	-1,638	-1,966
SCO1971	-0,874	-1,817	-1,974
SCO6278	-1,069	-2,341	-1,974
SCO1947	0,579	-1,9	-2,012
SCO6101	-1,465	-1,85	-2,014
SCO1044	-2,968	-2,11	-2,019
SCO7507	-2,151	-2,513	-2,029
SCO1169	-1,805	-1,771	-2,03
SCO5059	-1,497	-2,063	-2,034
SCO1577	-1,489	-2,111	-2,035
SCO2848	-1,929	-2,293	-2,036
SCO3106	-2,278	-1,492	-2,037
SCO2950	-1,201	-1,655	-2,049
SCO4852	-1,949	-2,248	-2,058
SCO0155	-1,367	-2,104	-2,059
SCO1236	1,981	-1,06	-2,077
SCO4164	-2,115	-1,483	-2,079
SCO2489	0,948	-1,848	-2,083
SCO3793	-1,077	-2,264	-2,087
SCO0191	-1,215	-1,927	-2,096
SCO0192	-1,229	-1,783	-2,098
SCO1713	-1,295	-2,06	-2,105
SCO2911	-2,052	-2,587	-2,134
SCO3661	-2,515	-2,024	-2,135
SCO7016	-0,986	-1,723	-2,142
SCO4005	-2,702	-2,484	-2,142
SCO5494	-3,36	-2,551	-2,159
SCO4303	-1,58	-2,316	-2,179
SCO6219	-0,912	-1,309	-2,189
SCO1181	-3,013	-2,694	-2,192
SCO7809	-1,78	-1,898	-2,2
SCO4945	-1,273	-2,244	-2,243
SCO4851	-1,541	-2,113	-2,275
SCO6277	-1,126	-2,709	-2,282
SCO0498	1,963	-1,445	-2,306
SCO1557	-1,459	-2,261	-2,307
SCO3166	-2,722	-2,431	-2,307
SCO0922	1,598	-2,364	-2,316
SCO5957	-2,863	-2,591	-2,328
SCO6276	-0,995	-2,785	-2,337
SCO6445	-2,535	-2,865	-2,347
SCO7364	-2,148	-2,269	-2,35
SCO6268	-1,941	-2,236	-2,371
SCO7363	-2,215	-2,431	-2,402
SCO7607	-2,092	-2,34	-2,408
SCO7427	-1,871	-2,493	-2,408
SCO0190	-1,372	-2,291	-2,412
SCO4054	-2,645	-2,282	-2,469
SCO5265	-2,357	-2,49	-2,471
SCO6120	-2,134	-2,503	-2,474
SCO6102	-2,441	-2,432	-2,48
SCO4641	-2,271	-2,271	-2,483
SCO4020	-1,47	-2,432	-2,486
SCO4248	0,783	-2,491	-2,51
SCO0193	-1,374	-1,242	-2,542
SCO7756	-3,471	-3,017	-2,553
SCO7468	-0,892	-2,405	-2,555
SCO0563	-2,977	-2,896	-2,558
SCO1579	-1,164	-2,792	-2,573
SCO1580	-1,687	-2,825	-2,576
SCO4336	-2,125	-3,294	-2,61
SCO4246	0,904	-2,647	-2,62
SCO6084	-3,486	-2,954	-2,629
SCO1235	1,369	-1,397	-2,646
SCO4157	-2,406	-3,018	-2,649
SCO3711	-2,749	-2,825	-2,681
SCO6661	-1,25	-3,045	-2,701
SCO7511	-0,868	-2,715	-2,739
SCO4247	1,484	-2,743	-2,749
SCO3156	-0,75	-2,511	-2,752
SCO1679	-2,108	-3,264	-2,78
SCO1406	-2,16	-2,781	-2,842
SCO7428	-1,752	-3,136	-2,843
SCO0774	0,874	-2,46	-2,898
SCO3152	1,25	-2,734	-2,921
SCO4031	-2,473	-2,977	-2,928
SCO3608	-3,217	-2,922	-2,954
SCO1558	-2,275	-2,844	-2,962
SCO4955	-1,402	-2,833	-2,994
SCO4631	-1,685	-2,905	-2,994
SCO4256	0,591	-3,128	-3,037
SCO4642	-2,52	-2,767	-3,044
SCO3286	-3,975	-2,952	-3,112
SCO3167	-4,333	-3,418	-3,121
SCO2782	1,11	-3,705	-3,223
SCO3311	-0,933	-3,335	-3,294
SCO0924	0,612	-3,531	-3,327
SCO3946	-0,981	-3,675	-3,351
SCO6663	-2,41	-3,717	-3,627
SCO4261	1,067	-3,679	-3,643
SCO5656	-4,142	-4,338	-3,806
SCO6662	-1,809	-4,089	-3,833
SCO1267	-3,626	-3,412	-3,874
SCO0923	0,864	-4,05	-3,958
SCO5485	-4,066	-3,711	-4,018
SCO3607	-4,374	-3,96	-4,132
SCO4640	-4,519	-4,525	-4,257
SCO3945	-1,856	-4,622	-4,257
SCO5655	-3,986	-4,396	-4,266
SCO7014	-2,554	-2,968	-4,49
SCO3280	-5,866	-5,632	-5,248
SCO4032	-4,336	-5,078	-5,436
SCO5484	-4,661	-5,234	-5,586
